1557534691 820
1557537000 847
1560038281 1237
1561728811 1406
1561741152 1320
1562771254 1325
1562871674 1347
1565359237 1520
1565461894 48994
1565464531 49001
1565464856 49001
1565616577 49063
1565631275 49543
1565634700 49535
1566146834 49693
1566150404 49694
1566226681 49698
1566247661 49775
1566590209 83733
1566591802 83730
1566592130 83730
1566592516 83726
1566601521 83761
1566602742 83761
1566602877 83761
1567185831 83766
1567251112 83785
1567254720 83781
1567255545 83781
1567255928 83781
1567461581 83814
1569263437 83816
1571866219 83817
1572000083 83819
1572021635 83826
1579623830 84925
1579627292 84926
1580221132 85943
1581194810 86497
1581202700 86505
1581415779 86529
1581420380 86173
1582107208 86176
1583863063 86276
1583925058 86273
1585051175 86274
1585060875 86279
1585151259 86279
1585327341 86291
1585386892 86291
1586452176 86292
1586452647 86294
1588923801 86298
1588941775 86310
1588941955 86310
1588942216 86310
1588942539 86310
1588946835 86310
1588947176 86310
1588947668 86314
1588948266 86314
1588948390 86314
1588950632 86326
1588950775 86327
1635411917 86327
1635413244 86330
1636664891 86406
1636664946 86434
1637597734 86507
1638125743 86508
1640076768 86567
1640103722 87504
1640622161 87536
1643304655 88303
