1557534691 0 0 820 0 0 0 0 0
1557537000 0 0 847 0 0 0 0 0
1560038281 0 0 1424 0 0 0 0 0
1561728811 0 0 1613 0 0 0 0 0
1561741152 0 0 1679 0 0 0 0 0
1562771254 0 0 1679 0 0 0 5 0
1562871674 0 0 1714 0 0 0 5 0
1565359237 0 0 1898 0 0 0 5 0
1565461894 0 0 49431 0 0 0 5 0
1565464531 0 0 49446 0 0 0 5 0
1565464856 0 0 49449 0 0 0 5 0
1565616577 0 0 49544 0 0 0 5 0
1565631275 0 0 50084 0 0 0 5 0
1565634700 0 0 50100 0 0 0 5 0
1566146834 0 0 50276 0 0 0 5 0
1566150404 0 0 50278 0 0 0 5 0
1566226681 0 0 50284 0 0 0 5 0
1566247661 0 0 50428 0 0 0 5 0
1566590209 0 0 84425 0 0 0 5 0
1566591802 0 0 84430 0 0 0 5 0
1566592130 0 0 84431 0 0 0 5 0
1566592516 0 0 84434 0 0 0 5 0
1566601521 0 0 84513 0 0 0 5 0
1566602742 0 0 84514 0 0 0 5 0
1566602877 0 0 84515 0 0 0 5 0
1567185831 0 0 84522 0 0 0 5 0
1567251112 0 0 84554 0 0 0 5 0
1567254720 0 0 84979 0 0 0 5 0
1567255545 0 0 84986 0 0 0 5 0
1567255928 0 0 84988 0 0 0 5 0
1567461581 0 0 85126 0 0 0 5 0
1569263437 0 0 85129 0 0 0 5 0
1571866219 0 0 85130 0 0 0 5 0
1572000083 0 0 85135 0 0 0 5 0
1572021635 0 0 85142 0 0 0 5 0
1573027740 0 0 85142 0 0 0 5 14
1573027752 0 0 85142 0 0 0 5 14
1573029208 0 4 85142 0 0 0 5 14
1573572754 0 262 85142 0 0 0 5 14
1573572853 0 264 85142 0 0 0 5 14
1573989669 0 444 85142 0 0 0 5 14
1574101257 0 452 85142 0 0 0 5 14
1574239288 0 566 85142 0 0 0 5 14
1574879805 0 709 85142 0 0 0 5 14
1576352491 0 1261 85142 0 0 0 5 14
1578951972 0 1367 85142 0 0 0 5 14
1578953939 0 1370 85142 0 0 0 5 14
1579013097 0 1403 85142 0 0 0 5 14
1579013628 0 1408 85142 0 0 0 5 14
1579037886 0 1481 85142 0 0 0 5 14
1579520214 0 1544 85142 0 0 0 5 14
1579552615 0 1697 85142 0 0 0 5 14
1579623830 0 1697 85142 0 0 0 5 14
1579627111 0 1699 85142 0 0 0 5 14
1579627292 0 1699 85142 0 0 0 5 14
1580036145 0 2812 85142 0 0 0 5 14
1580221132 0 2812 85142 0 0 0 5 14
1580940438 0 3462 85142 0 0 0 5 14
1581194810 0 3462 85142 0 0 0 5 14
1581202461 0 3472 85142 0 0 0 5 14
1581202670 0 3472 85142 0 0 0 5 14
1581202700 0 3472 85142 0 0 0 5 14
1581415362 0 3510 85142 0 0 0 5 14
1581415779 0 3510 85142 0 0 0 5 14
1581417614 0 3515 85142 0 0 0 5 14
1581419296 0 3562 85142 0 0 0 5 14
1581420380 0 3562 85142 0 0 0 5 14
1582107208 0 3562 85142 0 0 0 9 14
1583137260 0 3566 85142 0 0 0 9 14
1583224725 0 3568 85142 0 0 0 9 14
1583227554 0 3571 85142 0 0 0 9 14
1583228099 0 3572 85142 0 0 0 9 14
1583314405 0 3595 85142 0 0 0 9 14
1583407536 0 3628 85142 0 0 0 9 14
1583580426 0 3665 85142 0 0 0 9 14
1583863024 0 3727 85142 0 0 0 9 14
1583863063 0 3727 85142 0 0 0 9 14
1583925017 0 3728 85142 0 0 0 9 14
1583925058 0 3728 85142 0 0 0 9 14
1584972212 0 3732 85142 0 0 0 9 14
1585047935 0 3734 85142 0 0 0 9 14
1585050964 0 3735 85142 0 0 0 9 14
1585051066 0 3740 85142 0 0 0 9 14
1585051105 0 3741 85142 0 0 0 9 14
1585051175 0 3741 85142 0 0 0 9 14
1585060820 0 3747 85142 0 0 0 9 14
1585060875 0 3747 85142 0 0 0 9 14
1585151238 0 3748 85142 0 0 0 9 14
1585151259 0 3748 85142 0 0 0 9 14
1585327313 0 3760 85142 0 0 0 9 14
1585327341 0 3760 85142 0 0 0 9 14
1585386892 0 3760 85142 1 0 0 9 14
1586452176 0 3760 85142 4 0 0 9 14
1586452647 0 3760 85142 7 0 0 9 14
1588923801 0 3760 85142 13 0 0 9 14
1588941775 0 3760 85142 28 0 0 9 14
1588941955 0 3760 85142 29 0 0 9 14
1588942216 0 3760 85142 31 0 0 9 14
1588942539 0 3760 85142 32 0 0 9 14
1588946835 0 3760 85142 33 0 0 9 14
1588947176 0 3760 85142 34 0 0 9 14
1588947668 0 3760 85142 43 0 0 9 14
1588948266 0 3760 85142 44 0 0 9 14
1588948390 0 3760 85142 46 0 0 9 14
1588950632 0 3760 85142 59 0 0 9 14
1588950775 0 3760 85142 61 0 0 9 14
1635411917 0 3760 85142 61 0 0 10 14
1635413244 0 3760 85142 61 0 0 13 14
1636149935 37 3760 85142 61 0 0 13 14
1636149958 46 3760 85142 61 0 0 13 14
1636446922 57 3760 85142 61 0 0 13 14
1636451441 82 3760 85142 61 0 0 13 14
1636664201 159 3760 85142 61 0 0 13 14
1636664841 159 3760 85142 61 0 28 13 14
1636664891 159 3760 85142 61 0 28 13 14
1636664946 159 3760 85142 61 0 28 13 14
1636665207 159 3760 85142 61 0 28 13 14
1636665255 159 3760 85142 61 0 28 13 14
1637583018 176 3760 85142 61 0 28 13 14
1637583100 190 3760 85142 61 0 28 13 14
1637583451 208 3760 85142 61 0 28 13 14
1637583610 209 3760 85142 61 0 28 13 14
1637595265 212 3760 85142 61 0 28 13 14
1637595295 218 3760 85142 61 0 28 13 14
1637597734 218 3760 85142 61 0 28 13 14
1637598463 218 3760 85142 61 0 28 13 14
1637654722 247 3760 85142 61 0 28 13 14
1637654756 249 3760 85142 61 0 28 13 14
1638025762 250 3760 85142 61 0 28 13 14
1638089193 251 3760 85142 61 0 28 13 14
1638089204 252 3760 85142 61 0 28 13 14
1638089215 252 3760 85142 61 0 28 13 14
1638089247 254 3760 85142 61 0 28 13 14
1638125743 254 3760 85142 61 0 28 13 14
1638135179 304 3760 85142 61 0 28 13 14
1638208238 388 3760 85142 61 0 28 13 14
1638620087 402 3760 85142 61 0 28 13 14
1638620323 598 3760 85142 61 0 28 13 14
1638631357 607 3760 85142 61 0 28 13 14
1638631381 664 3760 85142 61 0 28 13 14
1638632706 670 3760 85142 61 0 28 13 14
1639470051 684 3760 85142 61 0 28 13 14
1639470122 701 3760 85142 61 0 28 13 14
1639470270 1019 3760 85142 61 0 28 13 14
1639923936 1181 3760 85142 61 0 28 13 14
1639927767 1255 3760 85142 61 0 28 13 14
1639994938 1450 3760 85142 61 0 28 13 14
1640025772 1463 3760 85142 61 0 28 13 14
1640076768 1463 3760 85142 61 0 28 13 14
1640076912 1479 3760 85142 61 0 28 13 14
1640076961 1519 3760 85142 61 0 28 13 14
1640101313 1527 3760 85142 61 0 28 13 14
1640103284 1543 3760 85142 61 0 28 13 14
1640103324 1586 3760 85142 61 0 28 13 14
1640103484 1589 3760 85142 61 0 28 13 14
1640103563 1593 3760 85142 61 0 28 13 14
1640103696 1596 3760 85142 61 0 28 13 14
1640103722 1596 3760 85142 61 0 28 13 14
1640622136 1663 3760 85142 61 0 28 13 14
1640622161 1663 3760 85142 61 0 28 13 14
1642455789 1683 3760 85142 61 0 28 13 14
1642975670 1891 3760 85142 61 0 28 13 14
1643058986 1919 3760 85142 61 0 28 13 14
1643195517 1994 3760 85142 61 0 28 13 14
1643209074 2180 3760 85142 61 0 28 13 14
1643210969 2204 3760 85142 61 0 28 13 14
1643229714 2576 3760 85142 61 0 28 13 14
1643304655 2576 3760 85142 61 0 28 13 14
